1,1,473.6711730957031,152.31149291992188,133.05398559570312,220.85772705078125,-1,-1,-1,-1
2,1,468.84637451171875,151.03102111816406,122.79486083984375,228.1212615966797,-1,-1,-1,-1
3,1,467.8995361328125,151.65065002441406,117.18084716796875,230.01075744628906,-1,-1,-1,-1
4,1,468.6851806640625,153.52029418945312,114.66192626953125,227.64895629882812,-1,-1,-1,-1
5,1,459.6680603027344,139.24514770507812,113.52444458007812,242.93896484375,-1,-1,-1,-1
6,1,451.1881408691406,145.61692810058594,122.17355346679688,236.92811584472656,-1,-1,-1,-1
7,1,449.0613708496094,155.43350219726562,118.73690795898438,226.31280517578125,-1,-1,-1,-1
8,1,439.1425476074219,134.4923095703125,143.64651489257812,250.677978515625,-1,-1,-1,-1
9,1,441.6858825683594,153.9269256591797,141.72781372070312,225.3456573486328,-1,-1,-1,-1
10,1,441.69720458984375,154.04934692382812,142.42938232421875,224.5972900390625,-1,-1,-1,-1
11,1,438.26959228515625,154.25152587890625,141.53338623046875,228.2349853515625,-1,-1,-1,-1
12,1,431.5623779296875,154.44900512695312,140.77783203125,219.32168579101562,-1,-1,-1,-1
13,1,430.0521240234375,153.31210327148438,122.8333740234375,217.2960205078125,-1,-1,-1,-1
14,1,431.2979736328125,151.401123046875,115.88897705078125,227.01898193359375,-1,-1,-1,-1
15,1,420.52117919921875,148.9937744140625,118.77996826171875,233.59481811523438,-1,-1,-1,-1
16,1,422.01824951171875,148.5795440673828,116.4742431640625,234.0403289794922,-1,-1,-1,-1
17,1,424.2864074707031,149.00775146484375,124.84298706054688,236.51852416992188,-1,-1,-1,-1
18,1,427.2308044433594,172.71719360351562,120.35281372070312,208.15042114257812,-1,-1,-1,-1
19,1,420.4120788574219,158.49124145507812,127.15298461914062,228.80349731445312,-1,-1,-1,-1
20,1,411.8291931152344,151.22711181640625,137.95407104492188,229.66015625,-1,-1,-1,-1
21,1,412.1219787597656,150.64382934570312,135.53054809570312,224.67718505859375,-1,-1,-1,-1
22,1,411.73004150390625,150.1424560546875,137.80096435546875,224.67080688476562,-1,-1,-1,-1
23,1,411.75823974609375,148.82791137695312,121.91558837890625,226.8092041015625,-1,-1,-1,-1
24,1,411.7117004394531,148.8131866455078,108.71011352539062,218.73399353027344,-1,-1,-1,-1
25,1,407.0194396972656,147.9969024658203,106.68069458007812,221.1863555908203,-1,-1,-1,-1
26,1,397.34625244140625,146.9716339111328,99.6968994140625,220.44273376464844,-1,-1,-1,-1
27,1,383.56646728515625,146.3610382080078,104.47555541992188,226.04457092285156,-1,-1,-1,-1
28,1,383.4684143066406,146.2694549560547,104.66647338867188,225.75242614746094,-1,-1,-1,-1
29,1,372.39154052734375,145.8154754638672,106.79977416992188,218.0967559814453,-1,-1,-1,-1
30,1,367.19635009765625,146.34353637695312,108.9766845703125,238.80316162109375,-1,-1,-1,-1
31,1,366.5128479003906,148.28753662109375,108.99063110351562,243.58193969726562,-1,-1,-1,-1
32,1,376.590576171875,150.2855682373047,97.98077392578125,242.1890106201172,-1,-1,-1,-1
33,1,371.70849609375,152.07131958007812,87.04339599609375,234.2515869140625,-1,-1,-1,-1
34,1,372.51177978515625,152.20407104492188,84.66375732421875,233.49383544921875,-1,-1,-1,-1
35,1,374.26763916015625,155.29002380371094,75.60052490234375,214.6511993408203,-1,-1,-1,-1
36,1,373.0755615234375,157.53965759277344,80.13278198242188,221.6530303955078,-1,-1,-1,-1
37,1,370.0758056640625,158.12660217285156,102.37008666992188,223.0690155029297,-1,-1,-1,-1
38,1,365.23095703125,158.5081024169922,103.626953125,236.0395050048828,-1,-1,-1,-1
39,1,360.27850341796875,158.81166076660156,108.33175659179688,237.8072967529297,-1,-1,-1,-1
40,1,359.84027099609375,158.71109008789062,109.235595703125,238.12088012695312,-1,-1,-1,-1
41,1,353.15966796875,158.4712371826172,112.80584716796875,237.65992736816406,-1,-1,-1,-1
42,1,351.17633056640625,159.6223907470703,102.4154052734375,232.74815368652344,-1,-1,-1,-1
43,1,351.3219299316406,159.60812377929688,101.03982543945312,233.98019409179688,-1,-1,-1,-1
44,1,349.00390625,161.48179626464844,100.08721923828125,234.1305694580078,-1,-1,-1,-1
45,1,346.4460144042969,161.9822540283203,99.5736083984375,235.2957000732422,-1,-1,-1,-1
46,1,346.7252197265625,161.9945831298828,98.97027587890625,235.3361053466797,-1,-1,-1,-1
47,1,344.8961181640625,162.53604125976562,99.7078857421875,236.59414672851562,-1,-1,-1,-1
48,1,342.65191650390625,162.64097595214844,100.13772583007812,233.36875915527344,-1,-1,-1,-1
49,1,339.15557861328125,162.6820068359375,110.34976196289062,223.84243774414062,-1,-1,-1,-1
50,1,332.1519775390625,161.81707763671875,119.94317626953125,225.52401733398438,-1,-1,-1,-1
51,1,331.6591491699219,162.19532775878906,117.22808837890625,207.8050079345703,-1,-1,-1,-1
52,1,332.01434326171875,162.1144256591797,114.44076538085938,205.0926971435547,-1,-1,-1,-1
53,1,328.235107421875,162.0115966796875,115.3890380859375,224.39926147460938,-1,-1,-1,-1
54,1,329.2525329589844,161.6734619140625,110.90728759765625,238.92196655273438,-1,-1,-1,-1
55,1,331.7333068847656,161.5563201904297,111.32095336914062,241.67054748535156,-1,-1,-1,-1
56,1,327.3499755859375,163.8545684814453,100.78219604492188,237.04002380371094,-1,-1,-1,-1
57,1,324.2722473144531,165.44403076171875,99.22097778320312,239.55740356445312,-1,-1,-1,-1
58,1,324.04876708984375,165.4347381591797,100.26177978515625,239.7667999267578,-1,-1,-1,-1
59,1,319.44085693359375,166.5717010498047,99.1375732421875,241.3355255126953,-1,-1,-1,-1
60,1,311.9714050292969,170.0701446533203,95.81051635742188,236.7787628173828,-1,-1,-1,-1
61,1,306.4434509277344,170.15235900878906,86.64019775390625,226.25364685058594,-1,-1,-1,-1
62,1,301.71173095703125,171.8205108642578,80.97689819335938,218.00975036621094,-1,-1,-1,-1
63,1,298.5228576660156,173.2043914794922,83.88107299804688,221.14747619628906,-1,-1,-1,-1
64,1,298.3089904785156,173.18116760253906,84.23223876953125,222.4998321533203,-1,-1,-1,-1
65,1,295.6618957519531,173.916259765625,86.39016723632812,230.32626342773438,-1,-1,-1,-1
66,1,296.62384033203125,174.88670349121094,91.23110961914062,236.9295196533203,-1,-1,-1,-1
67,1,293.3660888671875,175.7302703857422,105.4403076171875,236.3751983642578,-1,-1,-1,-1
68,1,297.761962890625,176.66429138183594,101.24932861328125,235.0635223388672,-1,-1,-1,-1
69,1,286.29644775390625,174.91319274902344,106.89691162109375,237.54164123535156,-1,-1,-1,-1
70,1,286.2538757324219,174.5117645263672,106.50918579101562,238.0832061767578,-1,-1,-1,-1
71,1,281.6240234375,177.19778442382812,113.28057861328125,236.33541870117188,-1,-1,-1,-1
72,1,280.9913024902344,179.2243194580078,111.78298950195312,234.43553161621094,-1,-1,-1,-1
73,1,282.4645080566406,181.56546020507812,116.13433837890625,235.01470947265625,-1,-1,-1,-1
74,1,284.6484680175781,179.80563354492188,116.07513427734375,236.35186767578125,-1,-1,-1,-1
75,1,289.903076171875,190.61447143554688,109.659912109375,225.69070434570312,-1,-1,-1,-1
76,1,289.92864990234375,195.5146484375,109.53121948242188,220.53689575195312,-1,-1,-1,-1
77,1,295.13018798828125,187.43751525878906,106.2921142578125,230.7252655029297,-1,-1,-1,-1
78,1,294.7257995605469,182.54884338378906,100.3857421875,236.75111389160156,-1,-1,-1,-1
79,1,296.7073669433594,183.29443359375,96.37747192382812,236.86276245117188,-1,-1,-1,-1
80,1,293.5966796875,182.9816131591797,95.085693359375,238.63710021972656,-1,-1,-1,-1
81,1,290.1231689453125,183.76766967773438,91.07489013671875,236.61865234375,-1,-1,-1,-1
82,1,290.39288330078125,183.7080841064453,90.62472534179688,236.7039337158203,-1,-1,-1,-1
83,1,290.13055419921875,185.3054962158203,87.7791748046875,235.1457977294922,-1,-1,-1,-1
84,1,287.2522277832031,188.54537963867188,91.76528930664062,232.01303100585938,-1,-1,-1,-1
85,1,284.8040466308594,188.92559814453125,97.78170776367188,223.22698974609375,-1,-1,-1,-1
86,1,285.0240173339844,188.24789428710938,102.07376098632812,224.56918334960938,-1,-1,-1,-1
87,1,283.81500244140625,191.40780639648438,103.85470581054688,224.33010864257812,-1,-1,-1,-1
88,1,283.53533935546875,191.8931121826172,104.60293579101562,223.20411682128906,-1,-1,-1,-1
89,1,285.1726379394531,192.2593536376953,103.79409790039062,232.23207092285156,-1,-1,-1,-1
90,1,287.4979248046875,194.25367736816406,101.29818725585938,234.45289611816406,-1,-1,-1,-1
91,1,292.3039855957031,196.51174926757812,96.47067260742188,228.82293701171875,-1,-1,-1,-1
92,1,301.5032653808594,204.23916625976562,94.69537353515625,219.51171875,-1,-1,-1,-1
93,1,308.2837219238281,215.86257934570312,100.24871826171875,205.90484619140625,-1,-1,-1,-1
94,1,308.1410827636719,216.1121368408203,100.83633422851562,206.26979064941406,-1,-1,-1,-1
95,1,314.0819091796875,206.3515167236328,104.18572998046875,223.0975799560547,-1,-1,-1,-1
96,1,323.8912658691406,206.66046142578125,95.26171875,221.64932250976562,-1,-1,-1,-1
97,1,330.427001953125,203.7493438720703,94.04449462890625,227.2645721435547,-1,-1,-1,-1
98,1,354.93304443359375,206.56973266601562,98.918212890625,220.822509765625,-1,-1,-1,-1
1,2,610.808349609375,114.98236846923828,102.3922119140625,276.5085144042969,-1,-1,-1,-1
2,2,602.91357421875,112.76216888427734,112.5146484375,275.3204345703125,-1,-1,-1,-1
3,2,597.293701171875,108.77852630615234,129.3812255859375,281.834228515625,-1,-1,-1,-1
1,3,567.1672973632812,115.88526916503906,143.5870361328125,277.031005859375,-1,-1,-1,-1
2,3,569.0634765625,112.19688415527344,134.80059814453125,282.68902587890625,-1,-1,-1,-1
3,3,586.7525634765625,107.89634704589844,133.6710205078125,285.5479736328125,-1,-1,-1,-1
4,3,585.2920532226562,107.69091796875,136.4168701171875,286.00396728515625,-1,-1,-1,-1
5,3,577.6929931640625,102.25480651855469,135.825927734375,300.112548828125,-1,-1,-1,-1
6,3,556.383544921875,98.4916763305664,149.71893310546875,316.9543762207031,-1,-1,-1,-1
7,3,552.4124145507812,96.32490539550781,144.59710693359375,320.32562255859375,-1,-1,-1,-1
8,3,560.1776123046875,96.1421890258789,134.46533203125,298.6654052734375,-1,-1,-1,-1
9,3,547.6799926757812,95.67312622070312,149.677978515625,322.6277770996094,-1,-1,-1,-1
10,3,545.8017578125,96.04443359375,152.09765625,322.4548645019531,-1,-1,-1,-1
11,3,537.908447265625,97.30277252197266,177.0791015625,324.9832458496094,-1,-1,-1,-1
12,3,538.0440063476562,100.41509246826172,179.57904052734375,301.1011657714844,-1,-1,-1,-1
13,3,544.9382934570312,102.42037200927734,170.36846923828125,290.1716003417969,-1,-1,-1,-1
14,3,552.7379150390625,104.08521270751953,160.61553955078125,308.79376220703125,-1,-1,-1,-1
15,3,548.513427734375,105.8172378540039,156.8760986328125,320.0860900878906,-1,-1,-1,-1
16,3,548.50537109375,105.79906463623047,157.22259521484375,320.1942138671875,-1,-1,-1,-1
17,3,537.8709106445312,110.18294525146484,161.7530517578125,288.0107421875,-1,-1,-1,-1
18,3,542.0476684570312,111.79833984375,160.70587158203125,275.2724609375,-1,-1,-1,-1
19,3,541.920654296875,113.25686645507812,165.131103515625,295.63751220703125,-1,-1,-1,-1
20,3,545.244384765625,112.8462142944336,161.41534423828125,290.9225158691406,-1,-1,-1,-1
21,3,536.295166015625,110.75379180908203,166.2545166015625,287.4009704589844,-1,-1,-1,-1
22,3,536.1746215820312,110.71620178222656,166.41827392578125,287.3062744140625,-1,-1,-1,-1
23,3,533.2493896484375,118.1358413696289,160.2958984375,286.3153381347656,-1,-1,-1,-1
24,3,524.7240600585938,116.32440185546875,161.43603515625,281.37261962890625,-1,-1,-1,-1
25,3,521.0139770507812,115.18639373779297,160.48150634765625,289.45660400390625,-1,-1,-1,-1
26,3,516.6096801757812,120.28165435791016,146.24005126953125,281.55328369140625,-1,-1,-1,-1
27,3,513.6854858398438,118.68953704833984,140.31988525390625,288.6658020019531,-1,-1,-1,-1
28,3,513.7639770507812,118.12062072753906,139.9886474609375,291.426513671875,-1,-1,-1,-1
29,3,522.0613403320312,121.06442260742188,135.394287109375,286.7747802734375,-1,-1,-1,-1
30,3,489.72808837890625,114.57610321044922,162.9775390625,328.38287353515625,-1,-1,-1,-1
31,3,463.658935546875,114.37887573242188,188.3922119140625,332.1808166503906,-1,-1,-1,-1
32,3,459.4646301269531,117.47119140625,184.39907836914062,330.4690246582031,-1,-1,-1,-1
33,3,459.91680908203125,111.08149719238281,185.13916015625,339.4176025390625,-1,-1,-1,-1
34,3,459.80767822265625,110.82820129394531,185.3599853515625,339.88641357421875,-1,-1,-1,-1
35,3,469.104248046875,126.78787994384766,178.922119140625,324.9244689941406,-1,-1,-1,-1
36,3,495.1916198730469,125.9482192993164,157.14895629882812,299.8618469238281,-1,-1,-1,-1
37,3,486.71087646484375,127.00984954833984,161.26690673828125,308.2950134277344,-1,-1,-1,-1
38,3,457.67584228515625,126.26329040527344,181.44781494140625,330.12603759765625,-1,-1,-1,-1
39,3,458.47314453125,123.29522705078125,165.9688720703125,328.7660217285156,-1,-1,-1,-1
40,3,456.39617919921875,128.02410888671875,166.12628173828125,322.3096923828125,-1,-1,-1,-1
41,3,464.909912109375,119.8469009399414,178.90399169921875,334.50006103515625,-1,-1,-1,-1
42,3,466.6083679199219,118.41324615478516,194.25515747070312,337.1112976074219,-1,-1,-1,-1
43,3,476.8525085449219,118.48896026611328,182.08755493164062,330.4399108886719,-1,-1,-1,-1
44,3,479.8844299316406,120.76760864257812,168.74221801757812,315.0810241699219,-1,-1,-1,-1
45,3,480.60546875,122.63399505615234,196.31005859375,330.21099853515625,-1,-1,-1,-1
46,3,479.2467041015625,122.91287994384766,199.568603515625,331.5368957519531,-1,-1,-1,-1
47,3,478.63092041015625,126.57520294189453,200.75335693359375,325.89471435546875,-1,-1,-1,-1
48,3,478.7463073730469,134.05393981933594,193.87197875976562,322.99444580078125,-1,-1,-1,-1
49,3,481.8522033691406,139.54129028320312,181.28738403320312,298.1640930175781,-1,-1,-1,-1
50,3,474.953857421875,141.78892517089844,189.24774169921875,296.84619140625,-1,-1,-1,-1
51,3,472.4229736328125,142.64825439453125,188.5003662109375,290.9683532714844,-1,-1,-1,-1
52,3,472.22900390625,142.78407287597656,188.8392333984375,290.7762451171875,-1,-1,-1,-1
53,3,468.36907958984375,142.0877685546875,192.55194091796875,294.38604736328125,-1,-1,-1,-1
54,3,469.4149475097656,140.99644470214844,187.71389770507812,298.5262451171875,-1,-1,-1,-1
55,3,466.20062255859375,137.07537841796875,189.99127197265625,295.5057373046875,-1,-1,-1,-1
56,3,463.9112243652344,135.3087615966797,190.77297973632812,317.5313720703125,-1,-1,-1,-1
57,3,466.9130554199219,134.9983367919922,179.97396850585938,314.48052978515625,-1,-1,-1,-1
58,3,467.8429260253906,134.86572265625,178.74417114257812,314.5087890625,-1,-1,-1,-1
59,3,461.9130859375,137.39202880859375,158.4154052734375,303.7015380859375,-1,-1,-1,-1
60,3,454.75506591796875,135.71022033691406,157.575927734375,321.401123046875,-1,-1,-1,-1
61,3,459.7195129394531,140.33360290527344,135.19790649414062,263.39044189453125,-1,-1,-1,-1
62,3,464.929443359375,140.82284545898438,123.78387451171875,261.71832275390625,-1,-1,-1,-1
63,3,462.38348388671875,140.3976593017578,119.1739501953125,265.30859375,-1,-1,-1,-1
64,3,462.723388671875,140.298095703125,118.5816650390625,268.28045654296875,-1,-1,-1,-1
65,3,444.0785827636719,139.83099365234375,136.63455200195312,284.5475769042969,-1,-1,-1,-1
66,3,438.3219299316406,140.6153564453125,141.61459350585938,306.3096923828125,-1,-1,-1,-1
67,3,429.56011962890625,141.43441772460938,148.87054443359375,316.70977783203125,-1,-1,-1,-1
68,3,424.50445556640625,142.7823944091797,149.20343017578125,316.1534423828125,-1,-1,-1,-1
69,3,416.12884521484375,144.3769073486328,157.11077880859375,317.78900146484375,-1,-1,-1,-1
70,3,415.7720947265625,144.5544891357422,158.5697021484375,317.620849609375,-1,-1,-1,-1
71,3,406.9457092285156,145.3612823486328,158.71279907226562,317.68475341796875,-1,-1,-1,-1
72,3,413.5577087402344,146.06248474121094,153.48831176757812,296.0426025390625,-1,-1,-1,-1
73,3,404.25823974609375,143.16664123535156,162.26116943359375,301.248046875,-1,-1,-1,-1
74,3,394.92840576171875,142.37953186035156,165.6590576171875,319.78826904296875,-1,-1,-1,-1
75,3,382.0847473144531,141.76275634765625,174.94668579101562,323.0040283203125,-1,-1,-1,-1
76,3,381.3631591796875,141.66465759277344,176.0479736328125,323.23870849609375,-1,-1,-1,-1
77,3,377.6180114746094,138.9590606689453,173.10183715820312,326.0115966796875,-1,-1,-1,-1
78,3,381.6605529785156,138.86688232421875,157.53921508789062,328.73931884765625,-1,-1,-1,-1
79,3,387.0360107421875,139.0758514404297,150.4847412109375,331.09527587890625,-1,-1,-1,-1
80,3,404.085205078125,139.19415283203125,132.9656982421875,328.0074157714844,-1,-1,-1,-1
81,3,412.6009826660156,140.1393280029297,120.75381469726562,329.6092529296875,-1,-1,-1,-1
82,3,412.2545166015625,140.12799072265625,121.126953125,323.47296142578125,-1,-1,-1,-1
83,3,421.6429443359375,141.1884307861328,111.31829833984375,328.19000244140625,-1,-1,-1,-1
84,3,430.3856201171875,141.7887725830078,101.812744140625,333.3016357421875,-1,-1,-1,-1
85,3,427.00860595703125,142.49459838867188,108.46417236328125,336.4776916503906,-1,-1,-1,-1
86,3,425.7828369140625,142.70497131347656,118.40081787109375,331.19256591796875,-1,-1,-1,-1
87,3,426.1080322265625,144.8737335205078,121.225341796875,311.49786376953125,-1,-1,-1,-1
88,3,425.83172607421875,144.8778839111328,121.75396728515625,308.66741943359375,-1,-1,-1,-1
89,3,430.5440979003906,147.96542358398438,124.12545776367188,302.8766784667969,-1,-1,-1,-1
90,3,416.9156799316406,150.5321807861328,151.82742309570312,289.39117431640625,-1,-1,-1,-1
91,3,405.22454833984375,156.7831573486328,179.70123291015625,292.52947998046875,-1,-1,-1,-1
92,3,396.76727294921875,161.7720947265625,208.13665771484375,287.94635009765625,-1,-1,-1,-1
93,3,395.2652893066406,167.41319274902344,253.77114868164062,325.49432373046875,-1,-1,-1,-1
94,3,394.3641052246094,167.85980224609375,255.55374145507812,325.4496154785156,-1,-1,-1,-1
95,3,389.4875793457031,173.07894897460938,265.3310241699219,321.7240905761719,-1,-1,-1,-1
96,3,401.05682373046875,179.9309539794922,251.89373779296875,317.090576171875,-1,-1,-1,-1
97,3,391.7161865234375,182.70529174804688,269.7139892578125,305.877197265625,-1,-1,-1,-1
98,3,393.4954833984375,184.9561767578125,259.49212646484375,313.19293212890625,-1,-1,-1,-1
1,4,638.4573974609375,106.86801147460938,168.22491455078125,322.11553955078125,-1,-1,-1,-1
2,4,634.4497680664062,108.14704895019531,173.53814697265625,325.810791015625,-1,-1,-1,-1
3,4,648.42919921875,104.4898910522461,154.890869140625,295.1810607910156,-1,-1,-1,-1
4,4,647.7432250976562,104.38399505615234,155.49359130859375,291.5990295410156,-1,-1,-1,-1
5,4,649.4002075195312,102.75098419189453,151.83447265625,315.6881103515625,-1,-1,-1,-1
6,4,646.1516723632812,115.04341125488281,146.692138671875,287.1591796875,-1,-1,-1,-1
7,4,663.6002197265625,117.11597442626953,133.7744140625,293.2879943847656,-1,-1,-1,-1
8,4,669.2763671875,115.04443359375,124.45458984375,300.2403259277344,-1,-1,-1,-1
9,4,677.4278564453125,114.74081420898438,123.889404296875,315.5330810546875,-1,-1,-1,-1
10,4,677.9046020507812,114.70999908447266,123.17059326171875,316.0505676269531,-1,-1,-1,-1
11,4,681.9799194335938,114.7556381225586,123.91546630859375,314.7919921875,-1,-1,-1,-1
12,4,677.2066040039062,115.4471206665039,125.92218017578125,314.70086669921875,-1,-1,-1,-1
13,4,676.426025390625,114.58128356933594,124.90045166015625,321.44036865234375,-1,-1,-1,-1
14,4,672.7367553710938,113.64908599853516,129.27166748046875,321.96966552734375,-1,-1,-1,-1
15,4,665.929931640625,113.7662124633789,139.8665771484375,335.7897644042969,-1,-1,-1,-1
16,4,665.2498779296875,113.98458099365234,141.5634765625,337.7688293457031,-1,-1,-1,-1
17,4,663.9368896484375,115.89380645751953,140.9268798828125,327.4968566894531,-1,-1,-1,-1
18,4,658.2369995117188,116.3770980834961,170.4000244140625,340.6274719238281,-1,-1,-1,-1
19,4,654.8662719726562,117.42534637451172,171.03765869140625,336.815185546875,-1,-1,-1,-1
20,4,650.3773193359375,118.75701904296875,169.2862548828125,343.4441223144531,-1,-1,-1,-1
21,4,651.3184814453125,118.63426208496094,164.998046875,332.18743896484375,-1,-1,-1,-1
22,4,650.3211669921875,118.66146087646484,166.6104736328125,330.9205627441406,-1,-1,-1,-1
23,4,643.3023681640625,119.96540069580078,168.775634765625,337.778564453125,-1,-1,-1,-1
24,4,648.16650390625,121.72850036621094,163.58013916015625,296.06451416015625,-1,-1,-1,-1
25,4,639.5816650390625,117.89812469482422,181.004150390625,338.43310546875,-1,-1,-1,-1
26,4,647.27294921875,119.94845581054688,170.93121337890625,336.55438232421875,-1,-1,-1,-1
27,4,646.7103881835938,117.08126068115234,172.563232421875,350.4150390625,-1,-1,-1,-1
28,4,646.4503784179688,117.35389709472656,174.15948486328125,350.3096923828125,-1,-1,-1,-1
29,4,655.3616943359375,117.31370544433594,169.5667724609375,350.59747314453125,-1,-1,-1,-1
30,4,663.5439453125,116.04228210449219,166.418212890625,353.2674560546875,-1,-1,-1,-1
31,4,677.4559326171875,114.2300033569336,152.16790771484375,354.12347412109375,-1,-1,-1,-1
32,4,687.8389892578125,116.22469329833984,145.10186767578125,349.0152282714844,-1,-1,-1,-1
33,4,698.7813720703125,117.74266815185547,139.1915283203125,355.5714111328125,-1,-1,-1,-1
34,4,699.268798828125,117.70219421386719,138.2996826171875,355.928466796875,-1,-1,-1,-1
35,4,714.484130859375,116.21038055419922,126.82623291015625,322.57666015625,-1,-1,-1,-1
36,4,718.0901489257812,120.26162719726562,129.43170166015625,317.62738037109375,-1,-1,-1,-1
37,4,719.383544921875,115.7095718383789,139.29241943359375,349.6087951660156,-1,-1,-1,-1
38,4,731.176025390625,116.44319915771484,131.57342529296875,358.0058898925781,-1,-1,-1,-1
39,4,738.729736328125,119.00885009765625,128.4232177734375,356.3592529296875,-1,-1,-1,-1
40,4,738.7576904296875,119.09284210205078,128.53070068359375,356.3084716796875,-1,-1,-1,-1
41,4,745.27587890625,121.071533203125,122.0687255859375,353.4653015136719,-1,-1,-1,-1
42,4,751.2444458007812,123.84127807617188,114.19622802734375,352.2998962402344,-1,-1,-1,-1
43,4,756.1473999023438,124.72502136230469,109.20709228515625,344.20849609375,-1,-1,-1,-1
44,4,760.060791015625,131.2733612060547,109.405517578125,337.2855224609375,-1,-1,-1,-1
45,4,758.521728515625,130.43934631347656,113.13287353515625,332.0587158203125,-1,-1,-1,-1
46,4,758.4915771484375,130.19500732421875,113.22857666015625,331.7647399902344,-1,-1,-1,-1
47,4,761.4439697265625,130.68865966796875,114.53466796875,331.3835144042969,-1,-1,-1,-1
48,4,759.5294189453125,133.11778259277344,115.22320556640625,326.19610595703125,-1,-1,-1,-1
49,4,757.0287475585938,137.140869140625,128.7301025390625,346.58123779296875,-1,-1,-1,-1
50,4,755.0390014648438,138.47552490234375,134.22918701171875,337.1424560546875,-1,-1,-1,-1
51,4,751.8472290039062,138.22213745117188,144.03619384765625,348.479736328125,-1,-1,-1,-1
52,4,751.748779296875,138.43162536621094,144.34423828125,348.40087890625,-1,-1,-1,-1
53,4,750.7188720703125,132.5673828125,156.59368896484375,355.403564453125,-1,-1,-1,-1
54,4,746.905029296875,132.22230529785156,164.3863525390625,356.0748291015625,-1,-1,-1,-1
55,4,742.9495849609375,137.82720947265625,174.16790771484375,350.7845153808594,-1,-1,-1,-1
56,4,738.824462890625,151.342529296875,178.02044677734375,335.1586608886719,-1,-1,-1,-1
57,4,733.228759765625,151.43377685546875,183.59918212890625,335.9906005859375,-1,-1,-1,-1
58,4,733.1497192382812,150.84130859375,183.6793212890625,336.91162109375,-1,-1,-1,-1
59,4,723.238525390625,158.34054565429688,188.489501953125,321.8133850097656,-1,-1,-1,-1
60,4,710.8084716796875,161.62417602539062,195.68017578125,323.21173095703125,-1,-1,-1,-1
61,4,701.5953369140625,168.00196838378906,201.0543212890625,321.23162841796875,-1,-1,-1,-1
62,4,696.4630126953125,166.63177490234375,203.18109130859375,323.2950439453125,-1,-1,-1,-1
63,4,693.283447265625,174.47344970703125,204.1993408203125,316.3045959472656,-1,-1,-1,-1
64,4,693.1094360351562,175.3623504638672,204.49334716796875,315.51214599609375,-1,-1,-1,-1
65,4,695.6554565429688,181.02862548828125,196.228271484375,310.76617431640625,-1,-1,-1,-1
66,4,696.79296875,184.113037109375,201.12225341796875,308.90423583984375,-1,-1,-1,-1
67,4,709.7319946289062,183.7277374267578,197.16241455078125,299.23516845703125,-1,-1,-1,-1
68,4,716.36865234375,185.85018920898438,196.78662109375,308.3119812011719,-1,-1,-1,-1
69,4,731.1788330078125,187.11891174316406,191.2362060546875,306.3037109375,-1,-1,-1,-1
70,4,731.726318359375,187.09536743164062,190.4898681640625,306.3644714355469,-1,-1,-1,-1
71,4,751.1353759765625,186.0664520263672,171.58056640625,311.1319580078125,-1,-1,-1,-1
72,4,770.412353515625,186.7003173828125,156.69964599609375,306.4972839355469,-1,-1,-1,-1
73,4,782.0389404296875,185.2024383544922,154.0078125,311.78070068359375,-1,-1,-1,-1
74,4,791.2289428710938,184.92074584960938,151.38970947265625,309.5369567871094,-1,-1,-1,-1
75,4,800.8308715820312,185.90440368652344,143.28375244140625,311.34735107421875,-1,-1,-1,-1
76,4,801.1083374023438,185.8180694580078,142.89166259765625,311.65887451171875,-1,-1,-1,-1
77,4,807.358154296875,185.7969970703125,144.92596435546875,313.076416015625,-1,-1,-1,-1
78,4,813.3944702148438,187.54025268554688,150.89227294921875,314.03948974609375,-1,-1,-1,-1
79,4,821.3502197265625,188.97084045410156,153.6429443359375,309.80816650390625,-1,-1,-1,-1
80,4,822.9912109375,191.26614379882812,140.0032958984375,304.3109436035156,-1,-1,-1,-1
81,4,827.892333984375,194.57957458496094,144.80657958984375,301.8021240234375,-1,-1,-1,-1
82,4,827.7446899414062,194.75003051757812,145.2901611328125,301.7713317871094,-1,-1,-1,-1
83,4,830.0003051757812,196.7991180419922,173.699462890625,304.2169189453125,-1,-1,-1,-1
84,4,835.6121215820312,200.6217041015625,175.33795166015625,310.3953552246094,-1,-1,-1,-1
85,4,831.1739501953125,202.94692993164062,178.58636474609375,309.2006530761719,-1,-1,-1,-1
86,4,826.4473876953125,206.42013549804688,179.5157470703125,303.5388488769531,-1,-1,-1,-1
87,4,821.6378784179688,212.3802947998047,180.7015380859375,300.14593505859375,-1,-1,-1,-1
88,4,821.6275634765625,212.59222412109375,180.706787109375,300.0458679199219,-1,-1,-1,-1
89,4,816.3765869140625,216.34872436523438,177.0521240234375,297.5054626464844,-1,-1,-1,-1
90,4,813.244140625,220.6551513671875,173.18792724609375,292.8135986328125,-1,-1,-1,-1
91,4,809.0780639648438,223.29156494140625,189.23626708984375,289.68072509765625,-1,-1,-1,-1
92,4,803.37548828125,226.2056884765625,188.4107666015625,283.645263671875,-1,-1,-1,-1
93,4,805.052490234375,229.2487335205078,186.0848388671875,277.63665771484375,-1,-1,-1,-1
94,4,805.0404663085938,229.47317504882812,186.24822998046875,277.14068603515625,-1,-1,-1,-1
95,4,802.564697265625,228.23011779785156,191.76141357421875,272.75726318359375,-1,-1,-1,-1
96,4,795.9435424804688,226.8499755859375,182.0150146484375,268.51373291015625,-1,-1,-1,-1
97,4,792.2728881835938,224.56283569335938,178.042236328125,270.8251647949219,-1,-1,-1,-1
98,4,791.7758178710938,224.8252716064453,164.6064453125,275.86676025390625,-1,-1,-1,-1
1,5,535.759765625,117.175537109375,102.593505859375,263.31854248046875,-1,-1,-1,-1
2,5,529.7061157226562,118.51319885253906,109.491455078125,277.78472900390625,-1,-1,-1,-1
3,5,527.0533447265625,120.35958099365234,108.78955078125,270.22357177734375,-1,-1,-1,-1
4,5,525.701171875,120.03629302978516,110.8651123046875,267.39202880859375,-1,-1,-1,-1
5,5,529.3782348632812,122.10331726074219,105.575927734375,263.231201171875,-1,-1,-1,-1
6,5,529.9993896484375,123.26385498046875,95.720947265625,257.94879150390625,-1,-1,-1,-1
7,5,527.414306640625,123.62052917480469,93.5350341796875,257.58599853515625,-1,-1,-1,-1
8,5,523.4270629882812,123.7767105102539,95.29840087890625,249.3740234375,-1,-1,-1,-1
9,5,522.2374877929688,123.13886260986328,103.2884521484375,252.71124267578125,-1,-1,-1,-1
10,5,522.125244140625,123.18600463867188,103.768310546875,252.44793701171875,-1,-1,-1,-1
11,5,519.3116455078125,123.18309783935547,114.23126220703125,252.82394409179688,-1,-1,-1,-1
12,5,519.1580810546875,122.51795959472656,107.43719482421875,247.1537628173828,-1,-1,-1,-1
13,5,517.0503540039062,119.65401458740234,101.67120361328125,247.34814453125,-1,-1,-1,-1
14,5,499.9668273925781,116.85333251953125,98.86819458007812,252.36544799804688,-1,-1,-1,-1
15,5,484.8233947753906,114.68333435058594,109.88009643554688,264.13958740234375,-1,-1,-1,-1
16,5,483.49774169921875,114.67547607421875,111.80322265625,264.7966613769531,-1,-1,-1,-1
17,5,490.91668701171875,114.1801986694336,104.82440185546875,271.3559265136719,-1,-1,-1,-1
18,5,480.37139892578125,113.43843841552734,113.29803466796875,267.04278564453125,-1,-1,-1,-1
19,5,444.12445068359375,113.63093566894531,148.46759033203125,274.72906494140625,-1,-1,-1,-1
20,5,417.8955993652344,114.50163269042969,167.42532348632812,273.90087890625,-1,-1,-1,-1
21,5,417.537841796875,114.3072509765625,164.7210693359375,271.9963073730469,-1,-1,-1,-1
22,5,418.9586486816406,114.29671478271484,162.51571655273438,272.1092834472656,-1,-1,-1,-1
23,5,422.34710693359375,116.55963134765625,150.24072265625,279.91064453125,-1,-1,-1,-1
24,5,419.8035583496094,117.44514465332031,148.19796752929688,277.1490478515625,-1,-1,-1,-1
25,5,412.78106689453125,118.74745178222656,139.92706298828125,281.06390380859375,-1,-1,-1,-1
26,5,424.0647277832031,121.21662139892578,119.75192260742188,266.9850158691406,-1,-1,-1,-1
27,5,412.9311218261719,121.6567611694336,126.64889526367188,270.31658935546875,-1,-1,-1,-1
28,5,411.99542236328125,121.62567901611328,127.8106689453125,270.5848388671875,-1,-1,-1,-1
29,5,411.0133972167969,122.27938842773438,126.58529663085938,245.91665649414062,-1,-1,-1,-1
30,5,406.1949768066406,120.66226196289062,131.08413696289062,283.5052490234375,-1,-1,-1,-1
31,5,401.39849853515625,118.94515991210938,134.82049560546875,284.6592102050781,-1,-1,-1,-1
32,5,408.5396423339844,118.12529754638672,121.87265014648438,284.3548889160156,-1,-1,-1,-1
33,5,398.5593566894531,117.43456268310547,120.51651000976562,288.6441955566406,-1,-1,-1,-1
34,5,398.7139892578125,117.35302734375,119.830078125,288.7529602050781,-1,-1,-1,-1
35,5,409.04107666015625,119.24114227294922,104.3624267578125,274.19927978515625,-1,-1,-1,-1
36,5,415.38128662109375,119.56395721435547,114.256591796875,281.0037841796875,-1,-1,-1,-1
37,5,410.2341613769531,122.85150146484375,120.48812866210938,281.7381286621094,-1,-1,-1,-1
38,5,406.30047607421875,125.35419464111328,123.641357421875,281.1510314941406,-1,-1,-1,-1
39,5,401.43951416015625,126.48075103759766,118.35296630859375,278.0788269042969,-1,-1,-1,-1
40,5,401.81536865234375,126.36724090576172,117.5772705078125,278.49462890625,-1,-1,-1,-1
41,5,396.91314697265625,127.6346206665039,116.17587280273438,276.4675598144531,-1,-1,-1,-1
42,5,397.47674560546875,127.62660217285156,115.5657958984375,282.71319580078125,-1,-1,-1,-1
43,5,400.1186218261719,127.38125610351562,106.98587036132812,272.2417297363281,-1,-1,-1,-1
44,5,397.8742370605469,126.73456573486328,104.91244506835938,275.2325134277344,-1,-1,-1,-1
45,5,394.88037109375,124.39815521240234,104.402099609375,275.7843933105469,-1,-1,-1,-1
46,5,395.66058349609375,124.25851440429688,103.32281494140625,275.8598327636719,-1,-1,-1,-1
47,5,386.9078369140625,122.3298110961914,108.45123291015625,280.9549255371094,-1,-1,-1,-1
48,5,386.3865051269531,124.1690902709961,109.6322021484375,276.02508544921875,-1,-1,-1,-1
49,5,366.6396179199219,124.9713134765625,126.16104125976562,278.4520263671875,-1,-1,-1,-1
50,5,358.44793701171875,125.63099670410156,138.71826171875,278.4307861328125,-1,-1,-1,-1
51,5,350.3096923828125,127.92192840576172,146.42425537109375,267.2585754394531,-1,-1,-1,-1
52,5,345.391845703125,127.98100280761719,152.34652709960938,267.09765625,-1,-1,-1,-1
53,5,350.92584228515625,131.02731323242188,140.38043212890625,273.56951904296875,-1,-1,-1,-1
54,5,350.5160217285156,133.9783172607422,136.21676635742188,286.80560302734375,-1,-1,-1,-1
55,5,335.47705078125,137.8783721923828,148.030029296875,284.57666015625,-1,-1,-1,-1
56,5,347.3558349609375,141.17431640625,132.0511474609375,277.95989990234375,-1,-1,-1,-1
57,5,342.55267333984375,143.15374755859375,130.74142456054688,275.75604248046875,-1,-1,-1,-1
58,5,342.5146179199219,143.16787719726562,130.72808837890625,275.68994140625,-1,-1,-1,-1
59,5,342.11383056640625,143.49322509765625,133.39532470703125,276.761962890625,-1,-1,-1,-1
60,5,341.803466796875,144.1358184814453,134.88836669921875,280.0430908203125,-1,-1,-1,-1
61,5,352.27642822265625,144.51528930664062,125.25592041015625,258.857666015625,-1,-1,-1,-1
62,5,357.2872009277344,143.47445678710938,122.9278564453125,269.2213439941406,-1,-1,-1,-1
63,5,364.3697204589844,143.25930786132812,110.09262084960938,266.861328125,-1,-1,-1,-1
64,5,365.03424072265625,143.03701782226562,109.11514282226562,267.3756103515625,-1,-1,-1,-1
65,5,360.54254150390625,143.50628662109375,115.1046142578125,269.62347412109375,-1,-1,-1,-1
66,5,367.3830261230469,146.08396911621094,109.63082885742188,278.18170166015625,-1,-1,-1,-1
67,5,372.5118713378906,149.7415313720703,109.96224975585938,275.470703125,-1,-1,-1,-1
68,5,378.03778076171875,153.6182403564453,101.90887451171875,273.206787109375,-1,-1,-1,-1
69,5,381.3468322753906,157.30380249023438,101.11312866210938,263.471435546875,-1,-1,-1,-1
70,5,380.81329345703125,157.30567932128906,101.47698974609375,263.0306396484375,-1,-1,-1,-1
71,5,386.4645080566406,158.59561157226562,103.99142456054688,275.74627685546875,-1,-1,-1,-1
72,5,387.4422912597656,161.9629364013672,95.28216552734375,262.9931640625,-1,-1,-1,-1
73,5,383.321533203125,164.9075927734375,95.85931396484375,285.73651123046875,-1,-1,-1,-1
74,5,379.96478271484375,167.10455322265625,103.67202758789062,294.212890625,-1,-1,-1,-1
75,5,376.76788330078125,169.39120483398438,113.5665283203125,291.6962890625,-1,-1,-1,-1
76,5,375.73651123046875,170.331787109375,117.64627075195312,290.4759521484375,-1,-1,-1,-1
77,5,377.40423583984375,168.2568359375,121.07452392578125,290.0751647949219,-1,-1,-1,-1
78,5,382.2791748046875,170.18467712402344,121.30557250976562,293.789794921875,-1,-1,-1,-1
79,5,386.9082336425781,169.09817504882812,111.82672119140625,284.2831726074219,-1,-1,-1,-1
80,5,389.6761779785156,169.5758819580078,102.08779907226562,297.3125,-1,-1,-1,-1
81,5,396.5961608886719,168.72972106933594,97.22201538085938,298.7510986328125,-1,-1,-1,-1
82,5,396.18218994140625,168.96876525878906,97.69183349609375,298.460693359375,-1,-1,-1,-1
83,5,385.8455505371094,169.96656799316406,78.4267578125,233.10838317871094,-1,-1,-1,-1
84,5,383.21392822265625,169.22979736328125,80.02963256835938,231.90008544921875,-1,-1,-1,-1
85,5,379.8598327636719,168.30267333984375,82.5091552734375,233.07992553710938,-1,-1,-1,-1
86,5,385.29974365234375,168.29331970214844,83.86239624023438,233.8308868408203,-1,-1,-1,-1
87,5,388.6685791015625,166.82913208007812,79.04495239257812,236.14846801757812,-1,-1,-1,-1
88,5,389.1433410644531,166.85552978515625,77.80490112304688,236.03369140625,-1,-1,-1,-1
89,5,391.52569580078125,165.3485107421875,82.2274169921875,241.4173583984375,-1,-1,-1,-1
90,5,390.99920654296875,165.67242431640625,82.18881225585938,263.4619445800781,-1,-1,-1,-1
91,5,387.8394775390625,167.34751892089844,85.16543579101562,265.10333251953125,-1,-1,-1,-1
92,5,388.7638244628906,168.726806640625,86.12765502929688,263.43994140625,-1,-1,-1,-1
93,5,386.8242492675781,168.2103271484375,93.00454711914062,252.68695068359375,-1,-1,-1,-1
94,5,386.64886474609375,168.4620819091797,93.5384521484375,245.1452178955078,-1,-1,-1,-1
95,5,383.3592834472656,169.90643310546875,101.06536865234375,256.77264404296875,-1,-1,-1,-1
96,5,387.11444091796875,172.845703125,100.094970703125,244.11416625976562,-1,-1,-1,-1
97,5,384.05029296875,173.16062927246094,110.11346435546875,242.22486877441406,-1,-1,-1,-1
98,5,391.7047119140625,174.8800048828125,107.20758056640625,247.39752197265625,-1,-1,-1,-1
20,6,532.1163940429688,133.9346923828125,115.035888671875,247.10430908203125,-1,-1,-1,-1
21,6,532.2494506835938,132.70252990722656,107.16949462890625,252.07237243652344,-1,-1,-1,-1
22,6,532.66552734375,132.20196533203125,104.18927001953125,253.90692138671875,-1,-1,-1,-1
23,6,525.9491577148438,131.33396911621094,106.613525390625,256.05467224121094,-1,-1,-1,-1
24,6,513.7850952148438,134.60386657714844,108.205078125,241.4888458251953,-1,-1,-1,-1
25,6,518.21875,136.81321716308594,103.27642822265625,248.7788848876953,-1,-1,-1,-1
26,6,512.4222412109375,150.23854064941406,97.69873046875,233.94297790527344,-1,-1,-1,-1
27,6,506.8057861328125,141.33566284179688,101.9649658203125,250.5526123046875,-1,-1,-1,-1
28,6,510.50360107421875,141.94039916992188,104.79345703125,251.5245361328125,-1,-1,-1,-1
29,6,510.9510498046875,143.92274475097656,101.61175537109375,244.96018981933594,-1,-1,-1,-1
30,6,488.59759521484375,156.5160675048828,100.7791748046875,236.7204132080078,-1,-1,-1,-1
31,6,469.1701354980469,160.27452087402344,118.15591430664062,241.06373596191406,-1,-1,-1,-1
32,6,461.5950622558594,162.04379272460938,117.17288208007812,252.05624389648438,-1,-1,-1,-1
33,6,458.9845886230469,164.8336181640625,115.18850708007812,273.6186828613281,-1,-1,-1,-1
34,6,458.7801818847656,165.2416534423828,116.52871704101562,281.2989501953125,-1,-1,-1,-1
35,6,466.2861022949219,159.03990173339844,109.56405639648438,285.34124755859375,-1,-1,-1,-1
36,6,473.3582458496094,181.1405487060547,91.75302124023438,240.67955017089844,-1,-1,-1,-1
37,6,457.71295166015625,179.4336700439453,116.0738525390625,249.16957092285156,-1,-1,-1,-1
38,6,454.08843994140625,146.6871337890625,139.99969482421875,308.0287170410156,-1,-1,-1,-1
39,6,457.0325622558594,146.0143280029297,149.79281616210938,301.66815185546875,-1,-1,-1,-1
40,6,456.58453369140625,143.31590270996094,158.00799560546875,305.10589599609375,-1,-1,-1,-1
39,7,509.68756103515625,122.51077270507812,138.0799560546875,303.4537353515625,-1,-1,-1,-1
40,7,511.5255432128906,122.4043960571289,136.45370483398438,302.4667663574219,-1,-1,-1,-1
41,7,514.60205078125,120.38500213623047,138.6466064453125,303.671142578125,-1,-1,-1,-1
42,7,509.32720947265625,126.84574890136719,145.6873779296875,297.96514892578125,-1,-1,-1,-1
43,7,512.1392822265625,126.03466033935547,137.9117431640625,284.6226501464844,-1,-1,-1,-1
44,7,509.8556213378906,124.51028442382812,132.51119995117188,281.3213806152344,-1,-1,-1,-1
45,7,508.19024658203125,127.11071014404297,150.36822509765625,286.9897155761719,-1,-1,-1,-1
46,7,501.42242431640625,125.76785278320312,154.66827392578125,292.7499694824219,-1,-1,-1,-1
47,7,490.85662841796875,126.7419662475586,162.1993408203125,294.5426025390625,-1,-1,-1,-1
48,7,486.3996276855469,136.16705322265625,166.62600708007812,298.01617431640625,-1,-1,-1,-1
49,8,517.2122192382812,136.2896728515625,137.41302490234375,283.3489074707031,-1,-1,-1,-1
50,8,515.4456787109375,141.0634307861328,136.3096923828125,277.4139404296875,-1,-1,-1,-1
51,8,515.72021484375,140.38052368164062,136.0418701171875,269.6295471191406,-1,-1,-1,-1
52,8,516.393310546875,140.11968994140625,135.3155517578125,269.0399475097656,-1,-1,-1,-1
53,8,516.0994262695312,140.17098999023438,134.75421142578125,269.24102783203125,-1,-1,-1,-1
54,8,514.8382568359375,138.88458251953125,130.6719970703125,277.9384765625,-1,-1,-1,-1
55,8,507.511474609375,138.58346557617188,136.46673583984375,279.5754699707031,-1,-1,-1,-1
56,8,501.84197998046875,141.19473266601562,141.69580078125,264.500244140625,-1,-1,-1,-1
57,8,503.6404113769531,139.06903076171875,136.53329467773438,265.6526794433594,-1,-1,-1,-1
58,8,505.8337097167969,139.11767578125,134.66952514648438,265.7481994628906,-1,-1,-1,-1
59,8,505.69403076171875,142.9454345703125,118.441162109375,261.8313903808594,-1,-1,-1,-1
60,8,525.09619140625,156.30775451660156,102.54864501953125,248.9128875732422,-1,-1,-1,-1
61,8,533.6351318359375,152.68341064453125,102.0948486328125,257.1248474121094,-1,-1,-1,-1
62,8,530.6419677734375,153.07183837890625,113.1256103515625,257.9111633300781,-1,-1,-1,-1
63,8,539.753173828125,156.85198974609375,106.90838623046875,250.05877685546875,-1,-1,-1,-1
64,8,540.4351806640625,156.90151977539062,106.4136962890625,250.16629028320312,-1,-1,-1,-1
65,8,525.0158081054688,153.74647521972656,124.1453857421875,274.709228515625,-1,-1,-1,-1
66,8,525.7630615234375,155.85653686523438,121.876220703125,261.03369140625,-1,-1,-1,-1
67,8,530.6404418945312,157.9657745361328,120.20941162109375,253.6176300048828,-1,-1,-1,-1
68,8,533.6119384765625,159.18821716308594,116.7607421875,251.74058532714844,-1,-1,-1,-1
69,8,537.6844482421875,160.03741455078125,111.1732177734375,250.78994750976562,-1,-1,-1,-1
70,8,537.9165649414062,159.9929962158203,110.81866455078125,250.7953643798828,-1,-1,-1,-1
71,8,537.865966796875,159.51434326171875,113.25994873046875,277.5193176269531,-1,-1,-1,-1
72,8,539.6451416015625,159.8354034423828,108.965576171875,267.92022705078125,-1,-1,-1,-1
73,8,539.3594970703125,161.4420928955078,105.69708251953125,272.91619873046875,-1,-1,-1,-1
74,8,540.2260131835938,163.30560302734375,100.20220947265625,272.04779052734375,-1,-1,-1,-1
75,8,541.1015625,163.44696044921875,98.84088134765625,267.7516174316406,-1,-1,-1,-1
76,8,541.0333251953125,163.47055053710938,98.9501953125,267.0892028808594,-1,-1,-1,-1
77,8,540.2938842773438,163.50784301757812,96.44866943359375,265.14990234375,-1,-1,-1,-1
78,8,541.2763671875,167.59814453125,94.8648681640625,270.53802490234375,-1,-1,-1,-1
79,8,539.6753540039062,163.46279907226562,99.01080322265625,283.58447265625,-1,-1,-1,-1
80,8,535.3063354492188,164.63076782226562,102.68804931640625,291.9540100097656,-1,-1,-1,-1
81,8,532.0594482421875,160.13145446777344,103.0888671875,291.4244384765625,-1,-1,-1,-1
82,8,531.94384765625,159.92245483398438,103.414794921875,291.1509704589844,-1,-1,-1,-1
83,8,530.4937133789062,167.30368041992188,96.5855712890625,274.76544189453125,-1,-1,-1,-1
84,8,529.9508056640625,174.53761291503906,96.03814697265625,272.349365234375,-1,-1,-1,-1
85,8,527.79345703125,175.4386749267578,91.4095458984375,237.3788299560547,-1,-1,-1,-1
86,8,523.8104248046875,174.99217224121094,99.33880615234375,271.30328369140625,-1,-1,-1,-1
87,8,525.03271484375,176.14744567871094,99.90838623046875,275.917236328125,-1,-1,-1,-1
88,8,525.194091796875,176.20738220214844,99.71478271484375,276.06817626953125,-1,-1,-1,-1
89,8,524.3980102539062,176.08139038085938,97.69488525390625,272.8054504394531,-1,-1,-1,-1
90,8,517.1464233398438,175.96058654785156,101.3079833984375,271.8092041015625,-1,-1,-1,-1
91,8,516.029296875,176.65858459472656,100.273681640625,244.69654846191406,-1,-1,-1,-1
92,8,509.212158203125,176.2972412109375,105.9102783203125,254.92098999023438,-1,-1,-1,-1
93,8,506.17755126953125,175.957275390625,132.9459228515625,257.4169616699219,-1,-1,-1,-1
94,8,504.94073486328125,176.2169647216797,135.40313720703125,256.8842010498047,-1,-1,-1,-1
95,8,505.51971435546875,177.39988708496094,142.5401611328125,253.9165496826172,-1,-1,-1,-1
96,8,507.285888671875,177.6334228515625,145.9141845703125,282.7447204589844,-1,-1,-1,-1
97,8,510.1282958984375,179.9119873046875,146.6102294921875,274.79827880859375,-1,-1,-1,-1
98,8,515.6607666015625,182.75587463378906,133.37054443359375,265.2481689453125,-1,-1,-1,-1
62,9,321.71661376953125,163.6850128173828,116.77584838867188,239.70176696777344,-1,-1,-1,-1
63,9,319.6796875,166.40452575683594,113.98797607421875,230.6076202392578,-1,-1,-1,-1
64,9,319.51483154296875,165.75869750976562,115.47866821289062,231.92861938476562,-1,-1,-1,-1
65,9,313.63299560546875,168.32252502441406,120.43328857421875,232.0638885498047,-1,-1,-1,-1
66,9,344.0971984863281,169.1240997314453,91.4019775390625,220.66590881347656,-1,-1,-1,-1
67,9,348.76385498046875,170.3971710205078,87.41839599609375,221.6418914794922,-1,-1,-1,-1
68,9,352.5104675292969,172.220703125,81.27902221679688,220.27801513671875,-1,-1,-1,-1
69,9,353.08734130859375,174.1403350830078,79.9200439453125,219.5629119873047,-1,-1,-1,-1
70,9,352.6533203125,174.1431427001953,80.59808349609375,219.65660095214844,-1,-1,-1,-1
71,9,352.72894287109375,174.20849609375,84.04092407226562,220.33731079101562,-1,-1,-1,-1
72,9,350.341796875,173.0837860107422,84.734619140625,220.37718200683594,-1,-1,-1,-1
73,9,350.5513610839844,173.32225036621094,86.03530883789062,221.62086486816406,-1,-1,-1,-1
74,9,349.00048828125,174.3100128173828,86.367431640625,222.78627014160156,-1,-1,-1,-1
75,9,349.1724548339844,174.112060546875,86.24740600585938,220.49481201171875,-1,-1,-1,-1
76,9,349.2366638183594,174.22962951660156,85.99298095703125,218.74253845214844,-1,-1,-1,-1
77,9,347.81488037109375,173.92898559570312,83.4019775390625,214.09152221679688,-1,-1,-1,-1
78,9,347.57232666015625,177.5751953125,81.398193359375,209.8084716796875,-1,-1,-1,-1
79,9,351.0435791015625,166.2502899169922,75.5206298828125,231.35935974121094,-1,-1,-1,-1
80,9,347.7689514160156,162.1630096435547,79.77786254882812,235.7457733154297,-1,-1,-1,-1
81,9,347.552001953125,163.5226287841797,81.47052001953125,235.11109924316406,-1,-1,-1,-1
82,9,347.4474792480469,163.721923828125,81.42779541015625,234.99945068359375,-1,-1,-1,-1
83,9,351.80364990234375,171.2721710205078,81.42379760742188,226.0774688720703,-1,-1,-1,-1
84,9,349.16156005859375,173.92782592773438,77.99102783203125,222.93203735351562,-1,-1,-1,-1
85,9,347.02325439453125,179.25425720214844,74.58642578125,215.3586883544922,-1,-1,-1,-1
86,9,345.1279602050781,185.50405883789062,75.22994995117188,207.18212890625,-1,-1,-1,-1
87,9,348.0882568359375,185.55874633789062,74.76455688476562,205.66281127929688,-1,-1,-1,-1
88,9,348.5865478515625,185.50567626953125,73.55715942382812,205.82931518554688,-1,-1,-1,-1
89,9,352.71697998046875,188.00421142578125,65.55239868164062,188.96859741210938,-1,-1,-1,-1
90,9,356.83123779296875,190.3500518798828,60.40155029296875,177.79942321777344,-1,-1,-1,-1
91,9,362.0072326660156,189.5432586669922,60.914154052734375,178.4647979736328,-1,-1,-1,-1
92,9,365.6057434082031,190.87083435058594,60.829803466796875,185.4026336669922,-1,-1,-1,-1
93,9,365.1578369140625,190.64930725097656,69.70620727539062,197.9805145263672,-1,-1,-1,-1
94,9,364.726806640625,190.26803588867188,71.62445068359375,202.65994262695312,-1,-1,-1,-1
95,9,366.18829345703125,191.17987060546875,76.62384033203125,212.48544311523438,-1,-1,-1,-1
96,9,368.6104431152344,192.0180206298828,76.68954467773438,214.29310607910156,-1,-1,-1,-1
97,9,376.67694091796875,192.5763702392578,75.55718994140625,207.8700408935547,-1,-1,-1,-1
98,9,379.2994384765625,195.1654052734375,76.22308349609375,206.71817016601562,-1,-1,-1,-1
